10 1773746600 0.050673 1 0.050673 0.050673 0.050673
10 1773746605 0.027813 1 0.027813 0.027813 0.027813
12 1773746605 0.017818 1 0.017818 0.017818 0.017818
10 1773746610 0.036474 1 0.036474 0.036474 0.036474
19 1773746610 0.056723 2 0.056723 0.056723 0.056723
12 1773746610 0.017462 1 0.017462 0.017462 0.017462
10 1773746615 0.033273 1 0.033273 0.033273 0.033273
21 1773746615 0.030885 1 0.030885 0.030885 0.030885
23 1773746615 4.064374 1 4.064374 4.064374 4.064374
19 1773746615 0.048557 1 0.048557 0.048557 0.048557
12 1773746615 0.016413 1 0.016413 0.016413 0.016413
25 1773746615 0.018071 3 0.018071 0.018071 0.018071
27 1773746615 13.133948 2 13.133948 13.133948 13.133948
10 1773746620 0.030454 1 0.030454 0.030454 0.030454
21 1773746620 0.045849 2 0.045849 0.045849 0.045849
19 1773746620 0.047955 1 0.047955 0.047955 0.047955
12 1773746620 0.008309 1 0.008309 0.008309 0.008309
25 1773746620 0.006120 1 0.006120 0.006120 0.006120
27 1773746620 13.142223 1 13.142223 13.142223 13.142223
21 1773746625 0.050683 3 0.050683 0.050683 0.050683
23 1773746625 5.741150 3 5.741150 5.741150 5.741150
19 1773746625 0.247306 1 0.247306 0.247306 0.247306
12 1773746625 0.017557 1 0.017557 0.017557 0.017557
25 1773746625 0.083643 4 0.083643 0.083643 0.083643
27 1773746625 13.124939 1 13.124939 13.124939 13.124939
21 1773746630 0.051277 3 0.051277 0.051277 0.051277
23 1773746630 7.120501 2 7.120501 7.120501 7.120501
25 1773746630 0.056486 3 0.056486 0.056486 0.056486
27 1773746630 13.337870 1 13.337870 13.337870 13.337870
21 1773746635 0.114458 3 0.114458 0.114458 0.114458
23 1773746635 6.512814 3 6.512814 6.512814 6.512814
25 1773746635 0.025693 3 0.025693 0.025693 0.025693
21 1773746640 0.069471 6 0.069471 0.069471 0.069471
23 1773746640 6.333295 5 6.333295 6.333295 6.333295
25 1773746640 0.041828 5 0.041828 0.041828 0.041828
21 1773746645 0.116885 3 0.116885 0.116885 0.116885
23 1773746645 5.118757 4 5.118757 5.118757 5.118757
25 1773746645 0.059249 4 0.059249 0.059249 0.059249
21 1773746650 0.058824 4 0.058824 0.058824 0.058824
23 1773746650 6.164023 6 6.164023 6.164023 6.164023
25 1773746650 0.053960 6 0.053960 0.053960 0.053960
21 1773746655 0.057580 4 0.057580 0.057580 0.057580
23 1773746655 5.728656 5 5.728656 5.728656 5.728656
25 1773746655 0.048440 5 0.048440 0.048440 0.048440
21 1773746660 0.070271 5 0.070271 0.070271 0.070271
23 1773746660 4.888434 4 4.888434 4.888434 4.888434
25 1773746660 0.054984 4 0.054984 0.054984 0.054984
21 1773746665 0.049819 5 0.049819 0.049819 0.049819
23 1773746665 5.454794 3 5.454794 5.454794 5.454794
25 1773746665 0.043127 3 0.043127 0.043127 0.043127
21 1773746670 0.061196 4 0.061196 0.061196 0.061196
23 1773746670 6.106133 4 6.106133 6.106133 6.106133
25 1773746670 0.044004 4 0.044004 0.044004 0.044004
21 1773746675 0.061064 4 0.061064 0.061064 0.061064
23 1773746675 6.328873 5 6.328873 6.328873 6.328873
25 1773746675 0.045289 5 0.045289 0.045289 0.045289
21 1773746680 0.179387 4 0.179387 0.179387 0.179387
23 1773746680 5.458933 3 5.458933 5.458933 5.458933
25 1773746680 0.107976 3 0.107976 0.107976 0.107976
21 1773746685 0.128027 5 0.128027 0.128027 0.128027
23 1773746685 6.276856 4 6.276856 6.276856 6.276856
25 1773746685 0.035025 4 0.035025 0.035025 0.035025
21 1773746690 0.069311 4 0.069311 0.069311 0.069311
23 1773746690 6.598679 5 6.598679 6.598679 6.598679
25 1773746690 0.092583 5 0.092583 0.092583 0.092583
21 1773746695 0.058068 2 0.058068 0.058068 0.058068
23 1773746695 6.162412 5 6.162412 6.162412 6.162412
25 1773746695 0.054433 5 0.054433 0.054433 0.054433
21 1773746700 0.077063 5 0.077063 0.077063 0.077063
23 1773746700 5.635479 2 5.635479 5.635479 5.635479
25 1773746700 0.058539 1 0.058539 0.058539 0.058539
21 1773746705 0.059318 6 0.059318 0.059318 0.059318
23 1773746705 5.969771 5 5.969771 5.969771 5.969771
25 1773746705 0.099838 6 0.099838 0.099838 0.099838
21 1773746710 0.084839 2 0.084839 0.084839 0.084839
23 1773746710 6.177966 4 6.177966 6.177966 6.177966
25 1773746710 0.062455 4 0.062455 0.062455 0.062455
21 1773746715 0.138461 4 0.138461 0.138461 0.138461
23 1773746715 6.406624 5 6.406624 6.406624 6.406624
25 1773746715 0.059212 5 0.059212 0.059212 0.059212
21 1773746720 0.106810 5 0.106810 0.106810 0.106810
23 1773746720 6.206110 4 6.206110 6.206110 6.206110
25 1773746720 0.031036 4 0.031036 0.031036 0.031036
21 1773746725 0.069453 5 0.069453 0.069453 0.069453
23 1773746725 5.368497 4 5.368497 5.368497 5.368497
25 1773746725 0.058132 4 0.058132 0.058132 0.058132
21 1773746730 0.053494 3 0.053494 0.053494 0.053494
23 1773746730 5.885297 4 5.885297 5.885297 5.885297
25 1773746730 0.031321 4 0.031321 0.031321 0.031321
21 1773746735 0.047703 5 0.047703 0.047703 0.047703
23 1773746735 5.303511 5 5.303511 5.303511 5.303511
25 1773746735 0.026997 5 0.026997 0.026997 0.026997
21 1773746740 0.054692 5 0.054692 0.054692 0.054692
23 1773746740 5.598148 4 5.598148 5.598148 5.598148
25 1773746740 0.050508 4 0.050508 0.050508 0.050508
21 1773746745 0.046317 3 0.046317 0.046317 0.046317
23 1773746745 6.470018 3 6.470018 6.470018 6.470018
25 1773746745 0.033993 3 0.033993 0.033993 0.033993
21 1773746750 0.046372 4 0.046372 0.046372 0.046372
23 1773746750 6.094571 5 6.094571 6.094571 6.094571
25 1773746750 0.031981 5 0.031981 0.031981 0.031981
21 1773746755 0.065477 3 0.065477 0.065477 0.065477
23 1773746755 7.344416 4 7.344416 7.344416 7.344416
25 1773746755 0.034837 4 0.034837 0.034837 0.034837
21 1773746760 0.060071 5 0.060071 0.060071 0.060071
23 1773746760 5.623021 4 5.623021 5.623021 5.623021
25 1773746760 0.066845 4 0.066845 0.066845 0.066845
21 1773746765 0.050321 4 0.050321 0.050321 0.050321
23 1773746765 6.135558 4 6.135558 6.135558 6.135558
25 1773746765 0.057868 4 0.057868 0.057868 0.057868
21 1773746770 0.060681 5 0.060681 0.060681 0.060681
23 1773746770 6.639950 4 6.639950 6.639950 6.639950
25 1773746770 0.058764 3 0.058764 0.058764 0.058764
21 1773746775 0.063842 4 0.063842 0.063842 0.063842
23 1773746775 6.134976 3 6.134976 6.134976 6.134976
25 1773746775 0.132502 4 0.132502 0.132502 0.132502
21 1773746780 0.073627 3 0.073627 0.073627 0.073627
23 1773746780 6.595700 5 6.595700 6.595700 6.595700
25 1773746780 0.040566 5 0.040566 0.040566 0.040566
21 1773746785 0.066692 4 0.066692 0.066692 0.066692
23 1773746785 5.468134 3 5.468134 5.468134 5.468134
25 1773746785 0.053314 3 0.053314 0.053314 0.053314
21 1773746790 0.104756 4 0.104756 0.104756 0.104756
23 1773746790 6.620927 4 6.620927 6.620927 6.620927
25 1773746790 0.027502 4 0.027502 0.027502 0.027502
21 1773746795 0.053418 4 0.053418 0.053418 0.053418
23 1773746795 6.165438 4 6.165438 6.165438 6.165438
25 1773746795 0.031522 4 0.031522 0.031522 0.031522
21 1773746800 0.050287 4 0.050287 0.050287 0.050287
23 1773746800 6.097018 5 6.097018 6.097018 6.097018
25 1773746800 0.062289 5 0.062289 0.062289 0.062289
21 1773746805 0.057874 4 0.057874 0.057874 0.057874
23 1773746805 5.132239 5 5.132239 5.132239 5.132239
25 1773746805 0.027271 5 0.027271 0.027271 0.027271
21 1773746810 0.054991 5 0.054991 0.054991 0.054991
23 1773746810 6.100577 3 6.100577 6.100577 6.100577
25 1773746810 0.057645 3 0.057645 0.057645 0.057645
21 1773746815 0.057193 4 0.057193 0.057193 0.057193
23 1773746815 6.316836 5 6.316836 6.316836 6.316836
25 1773746815 0.057440 5 0.057440 0.057440 0.057440
21 1773746820 0.067754 3 0.067754 0.067754 0.067754
23 1773746820 6.138257 5 6.138257 6.138257 6.138257
25 1773746820 0.045029 5 0.045029 0.045029 0.045029
21 1773746825 0.118020 5 0.118020 0.118020 0.118020
23 1773746825 5.787300 3 5.787300 5.787300 5.787300
25 1773746825 0.058224 3 0.058224 0.058224 0.058224
21 1773746830 0.058637 5 0.058637 0.058637 0.058637
23 1773746830 6.554389 3 6.554389 6.554389 6.554389
25 1773746830 0.056645 3 0.056645 0.056645 0.056645
21 1773746835 0.048859 4 0.048859 0.048859 0.048859
23 1773746835 6.335256 5 6.335256 6.335256 6.335256
25 1773746835 0.054221 5 0.054221 0.054221 0.054221
21 1773746840 0.050752 3 0.050752 0.050752 0.050752
23 1773746840 6.123951 4 6.123951 6.123951 6.123951
25 1773746840 0.028819 4 0.028819 0.028819 0.028819
21 1773746845 0.056834 3 0.056834 0.056834 0.056834
23 1773746845 5.428877 3 5.428877 5.428877 5.428877
25 1773746845 0.037888 3 0.037888 0.037888 0.037888
21 1773746850 0.095351 5 0.095351 0.095351 0.095351
23 1773746850 6.946529 5 6.946529 6.946529 6.946529
25 1773746850 0.046603 5 0.046603 0.046603 0.046603
21 1773746855 0.054332 4 0.054332 0.054332 0.054332
23 1773746855 6.614287 4 6.614287 6.614287 6.614287
25 1773746855 0.027867 4 0.027867 0.027867 0.027867
21 1773746860 0.048696 5 0.048696 0.048696 0.048696
23 1773746860 5.604797 4 5.604797 5.604797 5.604797
25 1773746860 0.034183 4 0.034183 0.034183 0.034183
21 1773746865 0.051749 4 0.051749 0.051749 0.051749
23 1773746865 5.843183 4 5.843183 5.843183 5.843183
25 1773746865 0.026621 4 0.026621 0.026621 0.026621
21 1773746870 0.050417 4 0.050417 0.050417 0.050417
23 1773746870 6.342412 4 6.342412 6.342412 6.342412
25 1773746870 0.027085 4 0.027085 0.027085 0.027085
21 1773746875 0.051561 4 0.051561 0.051561 0.051561
23 1773746875 6.338576 4 6.338576 6.338576 6.338576
25 1773746875 0.026978 4 0.026978 0.026978 0.026978
21 1773746880 0.059466 4 0.059466 0.059466 0.059466
23 1773746880 5.857530 4 5.857530 5.857530 5.857530
25 1773746880 0.028553 4 0.028553 0.028553 0.028553
21 1773746885 0.067626 4 0.067626 0.067626 0.067626
23 1773746885 5.841261 4 5.841261 5.841261 5.841261
25 1773746885 0.027486 4 0.027486 0.027486 0.027486
21 1773746890 0.044993 4 0.044993 0.044993 0.044993
23 1773746890 6.104486 5 6.104486 6.104486 6.104486
25 1773746890 0.027961 5 0.027961 0.027961 0.027961
21 1773746895 0.051685 4 0.051685 0.051685 0.051685
23 1773746895 5.892701 5 5.892701 5.892701 5.892701
25 1773746895 0.027963 5 0.027963 0.027963 0.027963
21 1773746900 0.045281 4 0.045281 0.045281 0.045281
23 1773746900 5.599559 2 5.599559 5.599559 5.599559
25 1773746900 0.031116 2 0.031116 0.031116 0.031116
21 1773746905 0.053888 5 0.053888 0.053888 0.053888
23 1773746905 6.294121 5 6.294121 6.294121 6.294121
25 1773746905 0.032005 5 0.032005 0.032005 0.032005
21 1773746910 0.060904 3 0.060904 0.060904 0.060904
23 1773746910 6.103019 3 6.103019 6.103019 6.103019
25 1773746910 0.055044 3 0.055044 0.055044 0.055044
21 1773746915 0.052640 5 0.052640 0.052640 0.052640
23 1773746915 6.873733 4 6.873733 6.873733 6.873733
25 1773746915 0.055588 4 0.055588 0.055588 0.055588
21 1773746920 0.055139 2 0.055139 0.055139 0.055139
23 1773746920 6.874628 4 6.874628 6.874628 6.874628
25 1773746920 0.026286 4 0.026286 0.026286 0.026286
21 1773746925 0.056162 5 0.056162 0.056162 0.056162
23 1773746925 6.102029 6 6.102029 6.102029 6.102029
25 1773746925 0.055893 6 0.055893 0.055893 0.055893
21 1773746930 0.062015 4 0.062015 0.062015 0.062015
23 1773746930 4.887113 4 4.887113 4.887113 4.887113
25 1773746930 0.049283 4 0.049283 0.049283 0.049283
21 1773746935 0.049794 5 0.049794 0.049794 0.049794
23 1773746935 6.791680 3 6.791680 6.791680 6.791680
25 1773746935 0.050018 3 0.050018 0.050018 0.050018
21 1773746940 0.049801 3 0.049801 0.049801 0.049801
23 1773746940 7.466699 3 7.466699 7.466699 7.466699
25 1773746940 0.033114 3 0.033114 0.033114 0.033114
21 1773746945 0.050085 3 0.050085 0.050085 0.050085
23 1773746945 6.342284 4 6.342284 6.342284 6.342284
25 1773746945 0.026609 4 0.026609 0.026609 0.026609
21 1773746950 0.106446 6 0.106446 0.106446 0.106446
23 1773746950 5.819225 6 5.819225 5.819225 5.819225
25 1773746950 0.051386 6 0.051386 0.051386 0.051386
21 1773746955 0.059265 3 0.059265 0.059265 0.059265
23 1773746955 6.126090 2 6.126090 6.126090 6.126090
25 1773746955 0.062442 2 0.062442 0.062442 0.062442
21 1773746960 0.052930 4 0.052930 0.052930 0.052930
23 1773746960 5.923988 5 5.923988 5.923988 5.923988
25 1773746960 0.047794 5 0.047794 0.047794 0.047794
21 1773746965 0.060496 4 0.060496 0.060496 0.060496
23 1773746965 7.133167 3 7.133167 7.133167 7.133167
25 1773746965 0.050754 3 0.050754 0.050754 0.050754
21 1773746970 0.050101 3 0.050101 0.050101 0.050101
23 1773746970 6.737612 5 6.737612 6.737612 6.737612
25 1773746970 0.040430 5 0.040430 0.040430 0.040430
21 1773746975 0.085121 5 0.085121 0.085121 0.085121
23 1773746975 6.127131 3 6.127131 6.127131 6.127131
25 1773746975 0.053074 3 0.053074 0.053074 0.053074
21 1773746980 0.059913 3 0.059913 0.059913 0.059913
23 1773746980 6.813336 3 6.813336 6.813336 6.813336
25 1773746980 0.034817 3 0.034817 0.034817 0.034817
21 1773746985 0.050791 4 0.050791 0.050791 0.050791
23 1773746985 7.121863 5 7.121863 7.121863 7.121863
25 1773746985 0.054885 4 0.054885 0.054885 0.054885
21 1773746990 0.076712 5 0.076712 0.076712 0.076712
23 1773746990 5.161912 4 5.161912 5.161912 5.161912
25 1773746990 0.035906 5 0.035906 0.035906 0.035906
21 1773746995 0.137997 4 0.137997 0.137997 0.137997
23 1773746995 6.685130 4 6.685130 6.685130 6.685130
25 1773746995 0.040365 4 0.040365 0.040365 0.040365
21 1773747000 0.067439 5 0.067439 0.067439 0.067439
23 1773747000 5.360710 4 5.360710 5.360710 5.360710
25 1773747000 0.076644 4 0.076644 0.076644 0.076644
21 1773747005 0.053410 4 0.053410 0.053410 0.053410
23 1773747005 5.661994 4 5.661994 5.661994 5.661994
25 1773747005 0.056739 4 0.056739 0.056739 0.056739
21 1773747010 0.049336 2 0.049336 0.049336 0.049336
23 1773747010 6.720131 5 6.720131 6.720131 6.720131
25 1773747010 0.032996 5 0.032996 0.032996 0.032996
21 1773747015 0.058096 5 0.058096 0.058096 0.058096
23 1773747015 5.707623 5 5.707623 5.707623 5.707623
25 1773747015 0.064702 5 0.064702 0.064702 0.064702
21 1773747020 0.051003 6 0.051003 0.051003 0.051003
23 1773747020 5.130127 4 5.130127 5.130127 5.130127
25 1773747020 0.058766 4 0.058766 0.058766 0.058766
21 1773747025 0.060349 4 0.060349 0.060349 0.060349
23 1773747025 6.138336 3 6.138336 6.138336 6.138336
25 1773747025 0.060087 3 0.060087 0.060087 0.060087
21 1773747030 0.054780 2 0.054780 0.054780 0.054780
23 1773747030 6.336875 5 6.336875 6.336875 6.336875
25 1773747030 0.042037 5 0.042037 0.042037 0.042037
21 1773747035 0.054102 5 0.054102 0.054102 0.054102
23 1773747035 6.372651 4 6.372651 6.372651 6.372651
25 1773747035 0.062786 4 0.062786 0.062786 0.062786
21 1773747040 0.055561 3 0.055561 0.055561 0.055561
23 1773747040 6.129407 5 6.129407 6.129407 6.129407
25 1773747040 0.058433 5 0.058433 0.058433 0.058433
21 1773747045 0.072480 5 0.072480 0.072480 0.072480
23 1773747045 5.345672 5 5.345672 5.345672 5.345672
25 1773747045 0.055733 5 0.055733 0.055733 0.055733
21 1773747050 0.096283 5 0.096283 0.096283 0.096283
23 1773747050 4.929919 4 4.929919 4.929919 4.929919
25 1773747050 0.065032 4 0.065032 0.065032 0.065032
21 1773747055 0.094260 5 0.094260 0.094260 0.094260
23 1773747055 5.531221 3 5.531221 5.531221 5.531221
25 1773747055 0.057414 3 0.057414 0.057414 0.057414
21 1773747060 0.053492 4 0.053492 0.053492 0.053492
23 1773747060 6.383225 4 6.383225 6.383225 6.383225
25 1773747060 0.039642 4 0.039642 0.039642 0.039642
21 1773747065 0.059218 5 0.059218 0.059218 0.059218
23 1773747065 5.717326 5 5.717326 5.717326 5.717326
25 1773747065 0.046599 5 0.046599 0.046599 0.046599
21 1773747070 0.059452 4 0.059452 0.059452 0.059452
23 1773747070 6.436848 3 6.436848 6.436848 6.436848
25 1773747070 0.069055 3 0.069055 0.069055 0.069055
21 1773747075 0.056398 3 0.056398 0.056398 0.056398
23 1773747075 6.142840 5 6.142840 6.142840 6.142840
25 1773747075 0.046102 5 0.046102 0.046102 0.046102
21 1773747080 0.047769 4 0.047769 0.047769 0.047769
23 1773747080 6.129583 2 6.129583 6.129583 6.129583
25 1773747080 0.026428 2 0.026428 0.026428 0.026428
21 1773747085 0.063875 4 0.063875 0.063875 0.063875
23 1773747085 7.308163 5 7.308163 7.308163 7.308163
25 1773747085 0.065537 5 0.065537 0.065537 0.065537
21 1773747090 0.058371 2 0.058371 0.058371 0.058371
23 1773747090 6.396245 4 6.396245 6.396245 6.396245
25 1773747090 0.556379 4 0.556379 0.556379 0.556379
21 1773747095 0.058807 5 0.058807 0.058807 0.058807
23 1773747095 5.453644 3 5.453644 5.453644 5.453644
25 1773747095 0.055270 3 0.055270 0.055270 0.055270
21 1773747100 0.061541 4 0.061541 0.061541 0.061541
23 1773747100 7.345805 5 7.345805 7.345805 7.345805
25 1773747100 0.041445 5 0.041445 0.041445 0.041445
21 1773747105 0.056692 4 0.056692 0.056692 0.056692
23 1773747105 5.793165 3 5.793165 5.793165 5.793165
25 1773747105 0.054700 3 0.054700 0.054700 0.054700
21 1773747110 0.055553 3 0.055553 0.055553 0.055553
23 1773747110 7.771440 3 7.771440 7.771440 7.771440
25 1773747110 0.043999 3 0.043999 0.043999 0.043999
21 1773747115 0.048575 4 0.048575 0.048575 0.048575
23 1773747115 6.529119 5 6.529119 6.529119 6.529119
25 1773747115 0.029369 4 0.029369 0.029369 0.029369
21 1773747120 0.049384 5 0.049384 0.049384 0.049384
23 1773747120 6.097655 3 6.097655 6.097655 6.097655
25 1773747120 0.026376 4 0.026376 0.026376 0.026376
21 1773747125 0.053187 3 0.053187 0.053187 0.053187
23 1773747125 6.588826 4 6.588826 6.588826 6.588826
25 1773747125 0.028736 4 0.028736 0.028736 0.028736
21 1773747130 0.134185 4 0.134185 0.134185 0.134185
23 1773747130 6.426864 4 6.426864 6.426864 6.426864
25 1773747130 0.030988 4 0.030988 0.030988 0.030988
21 1773747135 0.222280 5 0.222280 0.222280 0.222280
23 1773747135 6.106836 4 6.106836 6.106836 6.106836
25 1773747135 0.229168 4 0.229168 0.229168 0.229168
21 1773747140 0.050381 4 0.050381 0.050381 0.050381
23 1773747140 6.024048 5 6.024048 6.024048 6.024048
25 1773747140 0.055198 5 0.055198 0.055198 0.055198
21 1773747145 0.052400 3 0.052400 0.052400 0.052400
23 1773747145 6.127447 3 6.127447 6.127447 6.127447
25 1773747145 0.036597 3 0.036597 0.036597 0.036597
21 1773747150 0.067505 4 0.067505 0.067505 0.067505
23 1773747150 5.912125 5 5.912125 5.912125 5.912125
25 1773747150 0.051400 5 0.051400 0.051400 0.051400
21 1773747155 0.049489 5 0.049489 0.049489 0.049489
23 1773747155 5.523097 5 5.523097 5.523097 5.523097
25 1773747155 0.068493 5 0.068493 0.068493 0.068493
21 1773747160 0.050429 4 0.050429 0.050429 0.050429
23 1773747160 5.829049 3 5.829049 5.829049 5.829049
25 1773747160 0.031581 3 0.031581 0.031581 0.031581
21 1773747165 0.058609 3 0.058609 0.058609 0.058609
23 1773747165 7.101331 3 7.101331 7.101331 7.101331
25 1773747165 0.093588 3 0.093588 0.093588 0.093588
21 1773747170 0.096982 5 0.096982 0.096982 0.096982
23 1773747170 5.735608 7 5.735608 5.735608 5.735608
25 1773747170 0.049958 6 0.049958 0.049958 0.049958
21 1773747175 0.068073 5 0.068073 0.068073 0.068073
23 1773747175 5.637641 4 5.637641 5.637641 5.637641
25 1773747175 0.052996 5 0.052996 0.052996 0.052996
21 1773747180 0.047356 4 0.047356 0.047356 0.047356
23 1773747180 5.619791 4 5.619791 5.619791 5.619791
25 1773747180 0.050237 4 0.050237 0.050237 0.050237
21 1773747185 0.052802 5 0.052802 0.052802 0.052802
23 1773747185 5.117857 4 5.117857 5.117857 5.117857
25 1773747185 0.039827 4 0.039827 0.039827 0.039827
21 1773747190 0.062755 4 0.062755 0.062755 0.062755
23 1773747190 7.111459 3 7.111459 7.111459 7.111459
25 1773747190 0.046893 3 0.046893 0.046893 0.046893
21 1773747195 0.053435 4 0.053435 0.053435 0.053435
23 1773747195 6.326145 5 6.326145 6.326145 6.326145
25 1773747195 0.056237 5 0.056237 0.056237 0.056237
21 1773747200 0.065421 4 0.065421 0.065421 0.065421
23 1773747200 5.121657 3 5.121657 5.121657 5.121657
25 1773747200 0.066470 3 0.066470 0.066470 0.066470
21 1773747205 0.046471 2 0.046471 0.046471 0.046471
23 1773747205 6.547126 5 6.547126 6.547126 6.547126
25 1773747205 0.040782 5 0.040782 0.040782 0.040782
21 1773747210 0.082933 5 0.082933 0.082933 0.082933
23 1773747210 6.539114 5 6.539114 6.539114 6.539114
25 1773747210 0.050791 5 0.050791 0.050791 0.050791
21 1773747215 0.049477 4 0.049477 0.049477 0.049477
23 1773747215 6.630275 2 6.630275 6.630275 6.630275
25 1773747215 0.030161 2 0.030161 0.030161 0.030161
30 1773747220 0.008537 1 0.008537 0.008537 0.008537
21 1773747220 0.047606 3 0.047606 0.047606 0.047606
23 1773747220 6.901805 5 6.901805 6.901805 6.901805
32 1773747220 0.008366 1 0.008366 0.008366 0.008366
25 1773747220 0.028416 4 0.028416 0.028416 0.028416
21 1773747225 0.061120 3 0.061120 0.061120 0.061120
23 1773747225 6.094697 3 6.094697 6.094697 6.094697
25 1773747225 0.028888 3 0.028888 0.028888 0.028888
30 1773747230 0.009325 2 0.009325 0.009325 0.009325
21 1773747230 0.049046 3 0.049046 0.049046 0.049046
23 1773747230 5.602873 4 5.602873 5.602873 5.602873
32 1773747230 0.009161 2 0.009161 0.009161 0.009161
25 1773747230 0.031299 2 0.031299 0.031299 0.031299
21 1773747235 0.042497 2 0.042497 0.042497 0.042497
30 1773747240 0.007831 1 0.007831 0.007831 0.007831
30 1773747245 0.008892 1 0.008892 0.008892 0.008892
21 1773747240 0.059702 1 0.059702 0.059702 0.059702
23 1773747240 7.092485 2 7.092485 7.092485 7.092485
23 1773747245 5.113427 1 5.113427 5.113427 5.113427
32 1773747240 0.007621 1 0.007621 0.007621 0.007621
32 1773747245 0.008729 1 0.008729 0.008729 0.008729
25 1773747240 0.023046 1 0.023046 0.023046 0.023046
